[editor]
position = (-1.023061,-0.467298)
scale = 1.000000

