[editor]
sort_order = 20
position = (-13.236111,-5.791667)

