[editor]
position = (-16.295507,-33.546806)
sort_order = 20

