[editor]
position = (-10.730459,-4.820727)
sort_order = 0

