[editor]
sort_order = 0
position = (-13.236111,-5.791667)

