[editor]
sort_order = 40
position = (-13.236111,-5.791667)

