[editor]
sort_order = 50
position = (-13.236111,-5.791667)

