[editor]
sort_order = 60
position = (-13.236111,-5.791667)

