[editor]
sort_order = 70
position = (-13.236111,-5.791667)

