[editor]
sort_order = 10
position = (0.694447,0.166667)

