[view]
light_direction = (-1.000000,0.000000)
camera_position = (0.000000,0.000000)
camera_zoom = 1.000000
show_names = false

