[view]
light_direction = (-1.000000,0.000000)
camera_position = (-3.422386,-0.628075)
camera_zoom = 4.530719
show_names = true

