[view]
light_direction = (-1.000000,0.000000)
camera_position = (1.919086,-7.132090)
camera_zoom = 0.405381
show_names = true

