[view]
light_direction = (-1.000000,0.000000)
camera_position = (-3.883749,-1.612702)
camera_zoom = 4.245356
show_names = true

