[view]
light_direction = (-1.000000,0.000000)
camera_position = (27.321167,-3.240643)
camera_zoom = 0.214359
show_names = true

