[view]
light_direction = (-1.000000,0.000000)
camera_position = (0.988520,3.200903)
camera_zoom = 1.470734
show_names = false

